{
  "advancedEditorSelectedIdentifier" : "ProjectBrowser",
  "openSceneRelativePaths" : [
    "Bird_With_Audio.usda",
    "DioramaAssembled.usda"
  ],
  "recentIdentifiers" : {
    "05F98B3B-084C-476D-B87A-CC5C330CF409" : [

    ],
    "52DEAFFF-BF3D-465B-B79E-AAFF6724EABE" : [

    ],
    "90C576A0-F90A-43B8-9998-14918A66F863" : [

    ]
  },
  "sceneCameraHistory" : {
    "05F98B3B-084C-476D-B87A-CC5C330CF409" : [
      {
        "date" : 723336315.505697,
        "title" : "Untitled",
        "transform" : [
          0.9972398,
          1.6435715e-09,
          -0.07424742,
          0,
          -0.037208658,
          0.86536384,
          -0.49976093,
          0,
          0.06425103,
          0.5011442,
          0.8629753,
          0,
          0.1789596,
          1.3943291,
          1.1951265,
          1
        ]
      },
      {
        "date" : 723336310.55269,
        "title" : "Untitled",
        "transform" : [
          0.9996957,
          1.639771e-09,
          -0.024667693,
          0,
          -0.010603811,
          0.9028926,
          -0.42973545,
          0,
          0.022272276,
          0.42986625,
          0.9026178,
          0,
          0.1211858,
          1.2975878,
          1.2328105,
          1
        ]
      },
      {
        "date" : 723336304.533951,
        "title" : "Untitled",
        "transform" : [
          0.99969876,
          -4.3788457e-09,
          -0.024546081,
          0,
          -0.007121171,
          0.956992,
          -0.29002714,
          0,
          0.023490403,
          0.29011455,
          0.9567036,
          0,
          0.12282756,
          1.1078432,
          1.3056989,
          1
        ]
      },
      {
        "date" : 723336301.462652,
        "title" : "Untitled",
        "transform" : [
          0.99998456,
          1.7595982e-11,
          0.0055603706,
          0,
          0.0012370225,
          0.97493917,
          -0.22246778,
          0,
          -0.0054210234,
          0.22247122,
          0.97492415,
          0,
          0.0835188,
          1.0158353,
          1.3206211,
          1
        ]
      },
      {
        "date" : 723336284.613497,
        "title" : "Untitled",
        "transform" : [
          0.9945999,
          -1.1821495e-09,
          -0.10378329,
          0,
          -0.04461088,
          0.902902,
          -0.42752528,
          0,
          0.09370614,
          0.42984644,
          0.8980262,
          0,
          0.21984023,
          1.2962146,
          1.2524928,
          1
        ]
      },
      {
        "date" : 723336263.782868,
        "title" : "Untitled",
        "transform" : [
          0.9945999,
          -1.1821495e-09,
          -0.10378329,
          0,
          -0.04461088,
          0.902902,
          -0.42752528,
          0,
          0.09370614,
          0.42984644,
          0.8980262,
          0,
          0.16319582,
          1.0363773,
          0.7096449,
          1
        ]
      },
      {
        "date" : 723336260.914411,
        "title" : "Untitled",
        "transform" : [
          0.9945999,
          -1.1821495e-09,
          -0.10378329,
          0,
          -0.04461088,
          0.902902,
          -0.42752528,
          0,
          0.09370614,
          0.42984644,
          0.8980262,
          0,
          0.18474819,
          1.1352417,
          0.9161911,
          1
        ]
      },
      {
        "date" : 723336254.344955,
        "title" : "Untitled",
        "transform" : [
          0.9945999,
          -1.1821495e-09,
          -0.10378329,
          0,
          -0.04461088,
          0.902902,
          -0.42752528,
          0,
          0.09370614,
          0.42984644,
          0.8980262,
          0,
          0.28144,
          1.8564974,
          2.7100248,
          1
        ]
      },
      {
        "date" : 723336251.760243,
        "title" : "Untitled",
        "transform" : [
          0.9945999,
          -1.1821495e-09,
          -0.10378329,
          0,
          -0.04461088,
          0.902902,
          -0.42752528,
          0,
          0.09370614,
          0.42984644,
          0.8980262,
          0,
          0.28144,
          1.8564974,
          2.7100248,
          1
        ]
      },
      {
        "date" : 723335901.784162,
        "title" : "Untitled",
        "transform" : [
          0.9999492,
          3.0633784e-10,
          -0.010084732,
          0,
          -0.007863986,
          0.6260396,
          -0.77975166,
          0,
          0.0063134413,
          0.7797913,
          0.6260078,
          0,
          0.018340522,
          2.884863,
          1.8134527,
          1
        ]
      }
    ],
    "52DEAFFF-BF3D-465B-B79E-AAFF6724EABE" : [
      {
        "date" : 723254897.761605,
        "title" : "Untitled",
        "transform" : [
          1,
          0,
          0,
          0,
          0,
          0.7071069,
          -0.70710677,
          0,
          0,
          0.70710677,
          0.7071069,
          0,
          0,
          0.08930739,
          0.0893076,
          1
        ]
      },
      {
        "date" : 723254888.942854,
        "title" : "Untitled",
        "transform" : [
          1,
          0,
          0,
          0,
          0,
          0.7071069,
          -0.70710677,
          0,
          0,
          0.70710677,
          0.7071069,
          0,
          0,
          1.8287902,
          1.8287904,
          1
        ]
      },
      {
        "date" : 723254875.981269,
        "title" : "Untitled",
        "transform" : [
          0.3166729,
          1.5579387e-06,
          -0.94853485,
          0,
          -0.49428076,
          0.8534964,
          -0.16501659,
          0,
          0.8095708,
          0.5210988,
          0.27027994,
          0,
          0.09712319,
          0.0067171613,
          -0.0033865771,
          1
        ]
      },
      {
        "date" : 723254866.480939,
        "title" : "Untitled",
        "transform" : [
          -0.24495196,
          -8.082708e-09,
          -0.96953523,
          0,
          -0.39262944,
          0.91433156,
          0.09919737,
          0,
          0.8864766,
          0.40496662,
          -0.2239673,
          0,
          0.09712319,
          0.0067171613,
          -0.0033865771,
          1
        ]
      },
      {
        "date" : 723254855.159568,
        "title" : "Untitled",
        "transform" : [
          -0.24495198,
          -6.321281e-10,
          -0.9695353,
          0,
          -0.3926294,
          0.9143315,
          0.09919737,
          0,
          0.8864766,
          0.40496662,
          -0.2239673,
          0,
          0.08779382,
          0.034147106,
          0.009284675,
          1
        ]
      },
      {
        "date" : 723254854.122685,
        "title" : "Untitled",
        "transform" : [
          -0.24495198,
          -6.321281e-10,
          -0.9695353,
          0,
          -0.3926294,
          0.9143315,
          0.09919737,
          0,
          0.8864766,
          0.40496662,
          -0.2239673,
          0,
          0.08779382,
          0.034147106,
          0.009284675,
          1
        ]
      },
      {
        "date" : 723254848.789442,
        "title" : "Untitled",
        "transform" : [
          0.91933066,
          -4.1213887e-08,
          0.39348593,
          0,
          0.14483996,
          0.9297883,
          -0.33840072,
          0,
          -0.36585853,
          0.36809465,
          0.854783,
          0,
          -0.04490356,
          0.03062023,
          0.098192036,
          1
        ]
      },
      {
        "date" : 723254841.222206,
        "title" : "Untitled",
        "transform" : [
          0.91933066,
          -4.1213887e-08,
          0.39348593,
          0,
          0.14483996,
          0.9297883,
          -0.33840072,
          0,
          -0.36585853,
          0.36809465,
          0.854783,
          0,
          -0.05953803,
          0.04534376,
          0.13238405,
          1
        ]
      },
      {
        "date" : 723254833.782746,
        "title" : "Untitled",
        "transform" : [
          0.91933066,
          -4.1213887e-08,
          0.39348593,
          0,
          0.14483996,
          0.9297883,
          -0.33840072,
          0,
          -0.36585853,
          0.36809465,
          0.854783,
          0,
          -0.05953803,
          0.04534376,
          0.13238405,
          1
        ]
      },
      {
        "date" : 723254825.996417,
        "title" : "Untitled",
        "transform" : [
          0.91933066,
          -4.1213887e-08,
          0.39348593,
          0,
          0.14483996,
          0.9297883,
          -0.33840072,
          0,
          -0.36585853,
          0.36809465,
          0.854783,
          0,
          -0.22783346,
          0.21466684,
          0.52558416,
          1
        ]
      }
    ],
    "90C576A0-F90A-43B8-9998-14918A66F863" : [
      {
        "date" : 723326191.348858,
        "title" : "Untitled",
        "transform" : [
          1,
          0,
          -0,
          0,
          -0,
          0.7071069,
          -0.7071067,
          0,
          0,
          0.7071067,
          0.7071069,
          0,
          0,
          2.685613,
          2.6489654,
          1
        ]
      },
      {
        "date" : 723324045.966855,
        "title" : "Untitled",
        "transform" : [
          1,
          0,
          -0,
          0,
          -0,
          0.7071069,
          -0.7071067,
          0,
          0,
          0.7071067,
          0.7071069,
          0,
          0,
          2.8964405,
          2.739162,
          1
        ]
      },
      {
        "date" : 723321783.075847,
        "title" : "Untitled",
        "transform" : [
          -0.04696564,
          -9.52657e-09,
          -0.99889654,
          0,
          -0.088997304,
          0.9960231,
          0.004184432,
          0,
          0.994924,
          0.089095645,
          -0.04677884,
          0,
          0.6739829,
          0.8862107,
          -1.1827153,
          1
        ]
      },
      {
        "date" : 723321777.653805,
        "title" : "Untitled",
        "transform" : [
          -0.046965633,
          -9.526569e-09,
          -0.9988964,
          0,
          -0.088997304,
          0.9960231,
          0.004184432,
          0,
          0.994924,
          0.089095645,
          -0.04677884,
          0,
          0.69498867,
          0.8862107,
          -0.7359534,
          1
        ]
      },
      {
        "date" : 723321765.233356,
        "title" : "Untitled",
        "transform" : [
          0.99551153,
          -1.2486901e-08,
          0.0946398,
          0,
          0.016156763,
          0.9853199,
          -0.1699522,
          0,
          -0.09325047,
          0.17071845,
          0.9808973,
          0,
          0.19209531,
          0.98192304,
          1.280102,
          1
        ]
      },
      {
        "date" : 723321763.363838,
        "title" : "Untitled",
        "transform" : [
          0.99551153,
          -1.2486901e-08,
          0.0946398,
          0,
          0.016156763,
          0.9853199,
          -0.1699522,
          0,
          -0.09325047,
          0.17071845,
          0.9808973,
          0,
          0.21955013,
          0.9316601,
          0.9913063,
          1
        ]
      },
      {
        "date" : 723321744.721884,
        "title" : "Untitled",
        "transform" : [
          0.92800254,
          -1.2469831e-08,
          -0.37257367,
          0,
          -0.06695472,
          0.9837199,
          -0.1667701,
          0,
          0.36650813,
          0.17970864,
          0.91289455,
          0,
          0.5447297,
          0.93779165,
          1.0253066,
          1
        ]
      },
      {
        "date" : 723321568.80372,
        "title" : "Untitled",
        "transform" : [
          -0.5517598,
          4.1621995e-09,
          -0.83400303,
          0,
          -0.70656526,
          0.53127825,
          0.4674495,
          0,
          0.44308773,
          0.8471974,
          -0.29313794,
          0,
          1.4593513,
          2.6371045,
          -1.8206371,
          1
        ]
      },
      {
        "date" : 723321564.635333,
        "title" : "Untitled",
        "transform" : [
          -0.32297903,
          -4.6776054e-09,
          -0.94640607,
          0,
          -0.45330384,
          0.87782913,
          0.15469857,
          0,
          0.83078283,
          0.47897395,
          -0.2835204,
          0,
          2.8244355,
          1.213076,
          -1.7174858,
          1
        ]
      },
      {
        "date" : 723321555.515363,
        "title" : "Untitled",
        "transform" : [
          0.052120842,
          -4.581219e-09,
          -0.9986407,
          0,
          -0.6720397,
          0.73968405,
          -0.03507495,
          0,
          0.73867863,
          0.6729544,
          0.038552955,
          0,
          2.882716,
          1.9418837,
          -0.5637223,
          1
        ]
      }
    ],
    "6374DE59-2902-484E-AAAD-B39BC2EC5CD4" : [
      {
        "date" : 723253603.923324,
        "title" : "Untitled",
        "transform" : [
          0.71789575,
          -1.972015e-08,
          0.6961507,
          0,
          0.25365815,
          0.9312533,
          -0.26158142,
          0,
          -0.64829266,
          0.36437255,
          0.66854274,
          0,
          -0.47060138,
          0.26179585,
          0.49948826,
          1
        ]
      },
      {
        "date" : 723253593.066405,
        "title" : "Untitled",
        "transform" : [
          0.71789575,
          -1.972015e-08,
          0.6961507,
          0,
          0.25365815,
          0.9312533,
          -0.26158142,
          0,
          -0.64829266,
          0.36437255,
          0.66854274,
          0,
          -0.47841644,
          0.26179585,
          0.49190983,
          1
        ]
      },
      {
        "date" : 723253589.383879,
        "title" : "Untitled",
        "transform" : [
          0.39963043,
          1.0997161e-09,
          0.91667634,
          0,
          0.6644774,
          0.68887854,
          -0.28968284,
          0,
          -0.63147867,
          0.7248769,
          0.27529684,
          0,
          -0.46830636,
          0.5280631,
          0.2030594,
          1
        ]
      },
      {
        "date" : 723253582.44478,
        "title" : "Untitled",
        "transform" : [
          0.39963043,
          1.0997161e-09,
          0.91667634,
          0,
          0.6644774,
          0.68887854,
          -0.28968284,
          0,
          -0.63147867,
          0.7248769,
          0.27529684,
          0,
          -0.20601729,
          0.22698049,
          0.08871303,
          1
        ]
      },
      {
        "date" : 723253573.472509,
        "title" : "Untitled",
        "transform" : [
          0.99967915,
          1.7500917e-11,
          -0.02532873,
          0,
          -0.019808369,
          0.623214,
          -0.7818005,
          0,
          0.01578522,
          0.78205144,
          0.6230141,
          0,
          0.0041503757,
          0.2456312,
          0.20366973,
          1
        ]
      },
      {
        "date" : 723253536.382797,
        "title" : "Untitled",
        "transform" : [
          1,
          0,
          0,
          0,
          0,
          0.7071069,
          -0.70710677,
          0,
          0,
          0.70710677,
          0.7071069,
          0,
          0,
          0.22591835,
          0.22591853,
          1
        ]
      },
      {
        "date" : 723253531.631302,
        "title" : "Untitled",
        "transform" : [
          1,
          0,
          0,
          0,
          0,
          0.7071069,
          -0.70710677,
          0,
          0,
          0.70710677,
          0.7071069,
          0,
          0,
          1.8096954,
          1.8096956,
          1
        ]
      },
      {
        "date" : 723253516.555011,
        "title" : "Untitled",
        "transform" : [
          0.9995825,
          4.3065862e-10,
          -0.028895468,
          0,
          -0.005840073,
          0.9793627,
          -0.20202586,
          0,
          0.028299132,
          0.20211023,
          0.9789538,
          0,
          0.012232839,
          0.07593741,
          0.40650216,
          1
        ]
      },
      {
        "date" : 723253500.876263,
        "title" : "Untitled",
        "transform" : [
          0.9965087,
          4.542035e-10,
          0.08348969,
          0,
          0.035908453,
          0.9027839,
          -0.4285929,
          0,
          -0.07537315,
          0.4300945,
          0.8996319,
          0,
          -0.030978411,
          0.17084023,
          0.37551844,
          1
        ]
      },
      {
        "date" : 723253461.924076,
        "title" : "Untitled",
        "transform" : [
          0.9999543,
          1.9693869e-10,
          -0.009554102,
          0,
          -0.0031073343,
          0.94563305,
          -0.32522073,
          0,
          0.009034675,
          0.32523558,
          0.9455898,
          0,
          0.0035733879,
          0.12886356,
          0.37333968,
          1
        ]
      }
    ],
    "15669DC8-2DCE-427C-B547-EE5AA12EEE47" : [
      {
        "date" : 723253347.132712,
        "title" : "Untitled",
        "transform" : [
          1,
          0,
          0,
          0,
          0,
          0.7071069,
          -0.70710677,
          0,
          0,
          0.70710677,
          0.7071069,
          0,
          0.18516818,
          0.47914082,
          0.4791407,
          1
        ]
      },
      {
        "date" : 723253339.010599,
        "title" : "Untitled",
        "transform" : [
          1,
          0,
          0,
          0,
          0,
          0.7071069,
          -0.70710677,
          0,
          0,
          0.70710677,
          0.7071069,
          0,
          0,
          1.8179947,
          1.817995,
          1
        ]
      },
      {
        "date" : 723253331.396507,
        "title" : "Untitled",
        "transform" : [
          0.92064834,
          3.8268855e-09,
          0.3903931,
          0,
          0.06869537,
          0.9843965,
          -0.16200146,
          0,
          -0.38430163,
          0.1759645,
          0.906283,
          0,
          -0.9998639,
          0.40986392,
          2.229114,
          1
        ]
      },
      {
        "date" : 723253224.78219,
        "title" : "Untitled",
        "transform" : [
          -0.9999277,
          -5.4513066e-08,
          -0.012028951,
          0,
          -0.0060039205,
          0.8665345,
          0.49908122,
          0,
          0.010423475,
          0.4991173,
          -0.86647177,
          0,
          0.011158483,
          0.5342819,
          -0.92751825,
          1
        ]
      },
      {
        "date" : 723253222.147735,
        "title" : "Untitled",
        "transform" : [
          -0.9998174,
          -5.451321e-08,
          -0.01911344,
          0,
          -0.009548694,
          0.8662696,
          0.49948555,
          0,
          0.016557366,
          0.4995768,
          -0.86611134,
          0,
          0.017724533,
          0.53477377,
          -0.9271324,
          1
        ]
      },
      {
        "date" : 723253218.41472,
        "title" : "Untitled",
        "transform" : [
          -0.9408669,
          -5.4513688e-08,
          -0.33877653,
          0,
          -0.16938028,
          0.8660391,
          0.4704111,
          0,
          0.29339367,
          0.49997628,
          -0.8148275,
          0,
          0.31406507,
          0.5352014,
          -0.87223524,
          1
        ]
      },
      {
        "date" : 723253213.025898,
        "title" : "Untitled",
        "transform" : [
          -0.9408669,
          -5.4513688e-08,
          -0.33877653,
          0,
          -0.16938028,
          0.8660391,
          0.4704111,
          0,
          0.29339367,
          0.49997628,
          -0.8148275,
          0,
          0.13039984,
          0.22221462,
          -0.36215085,
          1
        ]
      },
      {
        "date" : 723253211.392225,
        "title" : "Untitled",
        "transform" : [
          -0.94086695,
          -1.5740637e-08,
          -0.33877653,
          0,
          -0.15544875,
          0.88851213,
          0.4317198,
          0,
          0.30100706,
          0.4588532,
          -0.83597153,
          0,
          0.13636485,
          0.20571946,
          -0.37546608,
          1
        ]
      },
      {
        "date" : 723253209.126228,
        "title" : "Untitled",
        "transform" : [
          -0.9276264,
          -1.7057774e-08,
          0.37350956,
          0,
          0.18652608,
          0.86637866,
          0.46324524,
          0,
          -0.32360065,
          0.49938768,
          -0.8036756,
          0,
          -0.14447325,
          0.22394374,
          -0.36175588,
          1
        ]
      },
      {
        "date" : 723253200.713552,
        "title" : "Untitled",
        "transform" : [
          -0.9276263,
          -1.1279801e-08,
          0.3735096,
          0,
          0.10203431,
          0.96196365,
          0.2534064,
          0,
          -0.35930252,
          0.27317733,
          -0.89234287,
          0,
          0.026673276,
          0.17711519,
          -0.9644945,
          1
        ]
      }
    ],
    "A4EB2AE7-A049-43EA-950D-C1FBFF9A16F2" : [
      {
        "date" : 723252346.51116,
        "title" : "Untitled",
        "transform" : [
          0.9987297,
          -4.956629e-10,
          0.05038786,
          0,
          0.002888776,
          0.9983553,
          -0.057257947,
          0,
          -0.050304987,
          0.05733077,
          0.99708706,
          0,
          -0.039329417,
          0.04395666,
          0.79044574,
          1
        ]
      },
      {
        "date" : 723252334.124695,
        "title" : "Untitled",
        "transform" : [
          0.9987297,
          -4.956629e-10,
          0.05038786,
          0,
          0.002888776,
          0.9983553,
          -0.057257947,
          0,
          -0.050304987,
          0.05733077,
          0.99708706,
          0,
          -0.0068293214,
          0.006917484,
          0.14626622,
          1
        ]
      },
      {
        "date" : 723252317.618791,
        "title" : "Untitled",
        "transform" : [
          0.9987298,
          -1.4748422e-10,
          0.050387878,
          0,
          0.0028887761,
          0.99835527,
          -0.057257954,
          0,
          -0.050304998,
          0.057330746,
          0.997087,
          0,
          -0.054574374,
          0.062196404,
          1.0817095,
          1
        ]
      },
      {
        "date" : 723252307.213579,
        "title" : "Untitled",
        "transform" : [
          0.99965924,
          -2.6994892e-10,
          0.026106337,
          0,
          0.00039163898,
          0.99988747,
          -0.01499657,
          0,
          -0.026103398,
          0.015001654,
          0.99954665,
          0,
          -0.028318787,
          0.016274847,
          1.0843779,
          1
        ]
      },
      {
        "date" : 723252303.046738,
        "title" : "Untitled",
        "transform" : [
          0.9999521,
          -2.7262556e-10,
          -0.009790834,
          0,
          -0.00012475566,
          0.9999188,
          -0.012741475,
          0,
          0.009790039,
          0.0127420565,
          0.99987084,
          0,
          0.010620914,
          0.013823479,
          1.0847296,
          1
        ]
      },
      {
        "date" : 723251977.967743,
        "title" : "Untitled",
        "transform" : [
          0.99999994,
          0,
          -0,
          0,
          -0,
          0.8660254,
          -0.49999994,
          0,
          0,
          0.49999994,
          0.8660254,
          0,
          0,
          0.22150768,
          0.3836626,
          1
        ]
      }
    ],
    "F02BB0D6-EA9F-448B-9A9D-F1A969BB8790" : [
      {
        "date" : 723253705.804954,
        "title" : "Untitled",
        "transform" : [
          0.9643089,
          4.940226e-10,
          -0.26477975,
          0,
          0.0044698073,
          0.99985754,
          0.016278667,
          0,
          0.26474202,
          -0.016881207,
          0.9641715,
          0,
          0.1346585,
          -0.008586581,
          0.49041662,
          1
        ]
      },
      {
        "date" : 723253699.268612,
        "title" : "Untitled",
        "transform" : [
          1,
          0,
          0,
          0,
          0,
          0.7071069,
          -0.70710677,
          0,
          0,
          0.70710677,
          0.7071069,
          0,
          0,
          0.359663,
          0.35966325,
          1
        ]
      },
      {
        "date" : 723253686.282158,
        "title" : "Untitled",
        "transform" : [
          1,
          0,
          0,
          0,
          0,
          0.7071069,
          -0.70710677,
          0,
          0,
          0.70710677,
          0.7071069,
          0,
          0,
          0.14046977,
          0.14047,
          1
        ]
      },
      {
        "date" : 723253658.682875,
        "title" : "Untitled",
        "transform" : [
          0.9938815,
          -1.6724622e-11,
          0.11045127,
          0,
          0.0044268826,
          0.9991964,
          -0.03983476,
          0,
          -0.110362515,
          0.04007998,
          0.993083,
          0,
          -0.03923367,
          0.013371759,
          0.3564249,
          1
        ]
      },
      {
        "date" : 723253643.202197,
        "title" : "Untitled",
        "transform" : [
          0.9997379,
          1.0868568e-12,
          -0.022894373,
          0,
          -0.0114032645,
          0.8671301,
          -0.497951,
          0,
          0.019852404,
          0.4980816,
          0.8669029,
          0,
          0.0069584777,
          0.17458288,
          0.30385852,
          1
        ]
      },
      {
        "date" : 723253636.488369,
        "title" : "Untitled",
        "transform" : [
          0.9997378,
          1.0868567e-12,
          -0.022894371,
          0,
          -0.0114032645,
          0.8671301,
          -0.497951,
          0,
          0.019852402,
          0.49808154,
          0.86690277,
          0,
          0.007865839,
          0.19734791,
          0.3434807,
          1
        ]
      },
      {
        "date" : 723253632.520059,
        "title" : "Untitled",
        "transform" : [
          0.9996914,
          4.66438e-13,
          -0.024838487,
          0,
          -0.012409319,
          0.8662559,
          -0.4994463,
          0,
          0.021516487,
          0.49960044,
          0.8659886,
          0,
          0.008525176,
          0.19794972,
          0.34311852,
          1
        ]
      },
      {
        "date" : 723253388.17082,
        "title" : "Untitled",
        "transform" : [
          0.99999994,
          0,
          -0,
          0,
          -0,
          0.8660254,
          -0.49999988,
          0,
          0,
          0.49999988,
          0.8660254,
          0,
          0,
          0.19810799,
          0.3431331,
          1
        ]
      }
    ]
  },
  "selectedSceneRelativePath" : "DioramaAssembled.usda"
}